TABLE "austra"
ATTRIBUTES 15
 "attr0" numeric 0
 "attr1" numeric 0
 "attr2" numeric 0
 "attr3" numeric 0
 "attr4" numeric 0
 "attr5" numeric 0
 "attr6" numeric 0
 "attr7" numeric 0
 "attr8" numeric 0
 "attr9" numeric 0
 "attr10" numeric 0
 "attr11" numeric 0
 "attr12" numeric 0
 "attr13" numeric 0
 "attr14" numeric 0
OBJECTS 690
 0 2733 166500 2 1 1 0 0 0 0 0 2 340 2 0 
 1 2575 75000 2 8 5 25000 1 0 0 0 2 349 24 1 
 1 2350 275000 2 1 1 450000 0 0 0 0 2 160 26 0 
 1 3291 250000 2 6 4 175000 0 1 2 1 2 720 1 0 
 1 3157 400000 2 14 4 500000 1 1 3 1 2 290 2280 1 
 1 1617 4000 2 8 4 4000 0 0 0 0 2 0 1 1 
 1 2783 150000 2 9 4 200000 1 1 11 1 2 434 36 1 
 1 2375 1200000 2 8 4 208500 0 0 0 0 1 80 1 0 
 1 4283 462500 2 11 4 458000 1 0 0 0 1 0 1 1 
 1 2875 150000 1 8 4 150000 1 0 0 1 2 0 226 0 
 0 2850 304000 1 14 8 254000 1 1 1 0 2 70 1 1 
 1 3408 650000 2 6 4 12500 1 0 0 1 2 443 1 0 
 0 2225 125000 1 1 1 325000 0 0 0 0 2 280 1 0 
 1 3916 250000 1 3 8 1000000 0 0 0 1 1 200 1 0 
 1 4275 408500 2 6 4 4000 0 0 0 0 2 108 101 0 
 0 2267 700000 2 8 4 16500 0 0 0 0 2 160 1 0 
 1 1692 33500 1 4 4 29000 0 0 0 0 1 200 1 0 
 0 1883 441500 1 8 8 300000 1 0 0 0 2 240 1 1 
 1 3375 275000 2 3 5 0 0 0 0 0 2 180 1 0 
 1 2275 1100000 2 11 4 250000 1 1 7 1 2 100 810 1 
 0 2250 850000 2 11 4 175000 1 1 10 0 2 80 991 0 
 1 2267 75000 2 3 4 158500 0 1 1 1 2 400 10 0 
 0 2283 229000 2 11 8 229000 1 1 7 1 2 140 2385 1 
 0 1592 287500 2 11 4 8500 0 0 0 0 2 120 1 0 
 0 1733 950000 2 6 4 175000 0 1 10 1 2 0 11 0 
 1 4833 1200000 2 7 4 1600000 1 0 0 0 1 110 1 1 
 0 3825 600000 2 4 4 100000 1 0 0 1 2 0 1 1 
 0 2250 846000 1 14 4 246000 0 0 0 0 2 164 1 1 
 0 2450 1275000 2 8 5 475000 1 1 2 0 2 73 445 1 
 0 6058 1650000 2 11 4 1100000 1 0 0 1 2 21 10562 1 
 0 2292 1158500 2 13 4 4000 1 0 0 0 2 80 1350 1 
 1 5075 58499 2 1 1 0 0 0 0 0 2 145 1 0 
 0 1767 0 1 5 1 0 0 0 0 0 2 86 1 0 
 1 2008 25000 2 11 4 12500 0 0 0 0 2 200 1 0 
 0 3067 1200000 2 8 4 200000 1 1 1 0 2 220 20 1 
 1 2617 25000 2 3 5 0 1 0 0 1 2 0 1 1 
 1 4875 2633500 1 1 1 0 1 0 0 1 2 0 1 0 
 0 3675 512500 2 10 4 500000 1 0 0 1 2 0 4001 1 
 1 1517 700000 2 10 4 100000 0 0 0 0 2 600 1 0 
 0 4500 458500 2 4 8 100000 0 0 0 1 1 240 1 0 
 0 2658 254000 1 1 1 0 0 0 0 1 2 180 61 0 
 1 2358 83500 2 3 8 8500 0 0 0 1 2 220 6 0 
 1 1917 400000 1 3 4 100000 0 0 0 1 2 360 1001 0 
 1 4875 850000 2 8 8 1250000 1 1 9 0 2 181 1656 1 
 0 6408 16500 2 1 1 0 1 1 1 0 2 232 101 1 
 1 3233 250000 2 8 4 125000 0 0 0 1 2 280 1 0 
 0 4033 754000 1 11 8 800000 1 1 14 0 2 0 2301 1 
 1 3167 1616500 2 2 4 300000 1 1 9 0 2 250 731 1 
 1 5442 50000 1 4 8 396000 1 0 0 0 2 180 315 1 
 1 3525 1650000 1 8 4 400000 1 0 0 0 2 80 1 0 
 1 2325 1262500 2 8 4 12500 0 1 2 0 2 0 5553 0 
 1 3650 425000 2 11 4 350000 0 0 0 0 2 454 51 0 
 1 2967 75000 1 8 4 4000 0 0 0 0 2 240 1 0 
 1 4200 979000 2 14 8 796000 1 1 8 0 2 0 1 1 
 1 3758 0 2 8 4 0 0 0 0 0 3 184 1 1 
 0 2083 850000 2 8 4 16500 0 0 0 0 2 0 352 0 
 1 2725 62500 2 6 4 45500 1 0 0 1 2 200 1 0 
 1 2208 83000 2 8 8 216500 0 0 0 1 2 128 1 1 
 1 2517 350000 2 13 4 62500 1 1 7 0 2 0 7060 1 
 1 2775 129000 2 4 8 25000 0 0 0 1 1 140 1 0 
 0 1967 21000 2 11 8 29000 1 1 11 0 2 80 100 1 
 1 3200 175000 1 10 8 4000 1 0 0 1 2 393 1 1 
 0 3858 500000 2 13 4 1350000 1 0 0 1 2 980 1 0 
 0 2500 87500 2 14 8 104000 1 0 0 1 2 160 5861 1 
 1 1725 300000 2 4 4 4000 0 0 0 1 2 160 41 0 
 1 2050 241500 2 8 4 200000 1 1 11 1 2 200 3001 1 
 1 3017 108500 1 8 4 4000 0 0 0 0 2 170 180 0 
 1 2158 79000 1 13 4 66500 0 0 0 0 2 160 1 0 
 0 2300 183500 2 5 3 0 0 1 1 0 2 200 54 0 
 0 2008 125000 2 8 4 0 0 0 0 0 2 0 1 0 
 0 3833 441500 2 8 4 12500 0 0 0 0 2 160 1 0 
 1 1767 446000 2 8 4 25000 0 0 0 0 1 80 1 0 
 1 2067 83500 1 8 4 200000 0 0 0 1 1 240 1 0 
 1 3167 83000 2 14 4 133500 1 1 8 1 2 303 3291 1 
 1 2950 58000 2 9 4 29000 0 1 1 0 2 340 2804 0 
 1 2208 233500 2 4 4 75000 0 0 0 0 2 180 1 0 
 1 2725 158500 2 13 8 183500 1 1 12 1 2 583 714 1 
 1 2458 125000 2 8 4 25000 0 0 0 0 2 110 1 0 
 1 3516 250000 2 4 4 450000 1 1 7 0 2 150 1271 1 
 1 3625 500000 2 8 5 250000 1 1 6 0 2 0 368 1 
 1 4100 4000 2 10 4 4000 0 1 1 0 1 560 1 1 
 1 6775 550000 2 10 9 1300000 1 1 1 1 2 0 1 1 
 1 2267 16500 2 8 3 225000 0 0 0 1 1 0 1 1 
 1 2817 12500 1 4 4 8500 0 0 0 0 2 216 2101 0 
 0 2525 1350000 1 1 1 200000 0 1 1 1 2 200 2 0 
 0 2267 79000 2 3 4 8500 0 0 0 0 2 144 1 0 
 1 1883 41500 1 8 4 16500 0 1 1 0 2 200 2 0 
 1 3425 300000 2 13 8 741500 1 0 0 1 2 0 1 1 
 1 2258 1004000 2 14 4 4000 1 1 9 0 2 60 397 1 
 1 2133 750000 2 6 4 141500 1 1 1 0 2 80 9801 1 
 1 4433 50000 2 3 8 500000 1 0 0 1 2 320 1 1 
 1 2592 87500 2 4 4 37500 0 1 2 1 2 174 4 0 
 1 1850 200000 2 3 4 150000 1 1 2 0 2 120 301 1 
 0 1783 1100000 2 14 8 100000 1 1 11 0 2 0 3001 1 
 0 1650 125000 2 11 4 25000 0 1 1 0 2 108 99 0 
 1 5392 962500 2 10 4 866500 1 1 5 0 2 0 1 1 
 0 1817 1000000 1 11 8 16500 0 0 0 0 2 340 1 0 
 1 3100 208500 2 8 4 8500 0 0 0 0 2 300 1 0 
 0 4133 100000 2 3 5 225000 1 0 0 1 2 0 301 1 
 1 2225 46000 2 4 4 12500 0 0 0 1 2 280 56 0 
 1 2542 54000 2 9 4 16500 0 1 1 0 2 272 445 0 
 1 3316 304000 1 8 8 204000 1 1 1 1 2 180 18028 1 
 1 2217 225000 2 3 4 12500 0 0 0 0 2 160 11 0 
 0 4433 0 2 8 4 250000 1 0 0 0 2 0 1 1 
 0 3733 250000 2 3 8 21000 0 0 0 0 2 260 247 0 
 1 2783 400000 1 3 8 575000 1 1 2 1 2 75 1 0 
 1 2117 25000 1 8 8 25000 0 0 0 0 2 280 205 0 
 1 4317 225000 2 3 5 75000 1 0 0 0 2 560 1 0 
 1 3666 200000 2 3 4 25000 0 0 0 1 2 221 1 0 
 1 3500 250000 2 3 4 100000 0 0 0 1 2 210 1 0 
 0 4117 650000 2 11 4 50000 1 1 3 1 2 145 1 1 
 1 4858 650000 2 11 8 600000 1 0 0 1 2 350 1 1 
 1 2358 46000 1 9 4 262500 1 1 6 1 2 208 348 0 
 0 1892 900000 2 6 4 75000 1 1 2 0 2 88 592 1 
 1 2758 325000 1 11 8 508500 0 1 2 1 2 369 2 0 
 1 4317 500000 2 3 5 225000 0 0 0 1 2 141 1 0 
 1 2442 200000 2 10 2 16500 0 1 2 0 2 320 1301 0 
 1 2017 925000 2 8 4 166500 1 1 3 1 2 40 29 1 
 1 3157 500000 1 6 4 850000 1 0 0 0 2 0 1 0 
 0 3308 462500 2 11 8 162500 1 1 2 0 2 0 1 1 
 1 2108 412500 1 3 8 4000 0 0 0 0 2 140 101 0 
 0 3125 375000 2 13 8 62500 1 1 9 1 2 181 1 1 
 0 2450 50000 2 11 8 150000 1 0 0 0 2 280 825 1 
 1 3208 400000 2 7 4 250000 1 0 0 1 2 360 1 1 
 1 2433 662500 1 2 4 550000 1 0 0 1 1 100 1 1 
 1 3483 250000 1 9 4 300000 0 0 0 0 1 200 1 0 
 0 1892 925000 1 8 4 100000 1 1 4 1 2 80 501 1 
 1 2942 125000 2 9 4 175000 0 0 0 0 2 200 1 0 
 1 3157 37500 2 2 4 87500 1 0 0 1 1 928 1 0 
 1 5642 2800000 1 8 4 2850000 1 1 40 0 2 0 16 1 
 0 2292 125000 2 11 4 25000 0 0 0 1 2 120 810 0 
 1 2333 150000 2 8 8 141500 1 0 0 0 2 422 201 1 
 1 3891 175000 2 4 4 50000 0 0 0 1 2 300 3 0 
 1 3491 250000 2 9 4 0 1 0 0 1 2 239 201 1 
 1 4400 200000 2 7 4 175000 1 1 2 1 2 0 16 1 
 0 1808 37500 3 13 1 1000000 0 0 0 1 1 300 1 1 
 1 3058 271000 1 7 4 12500 0 0 0 1 1 80 1 0 
 1 4517 150000 2 8 4 250000 1 0 0 1 2 140 1 0 
 1 1608 75000 2 8 4 175000 1 1 5 1 2 352 691 1 
 1 2917 350000 2 9 4 350000 1 1 3 1 2 329 1 0 
 0 2817 37500 2 11 4 58499 1 1 4 0 2 80 1 1 
 1 2200 783500 1 3 5 16500 0 0 0 1 2 184 1 0 
 1 1708 25000 2 11 4 33500 0 1 4 0 2 160 9 0 
 1 2208 1100000 2 13 4 66500 1 0 0 0 2 100 1 1 
 1 2500 1125000 2 8 4 250000 1 1 17 0 2 200 1209 1 
 1 7483 1900000 1 1 1 4000 0 1 2 0 2 0 352 0 
 0 2717 125000 2 1 1 0 0 1 1 0 2 92 301 0 
 1 2183 154000 2 4 4 8500 0 0 0 1 2 356 1 0 
 1 3483 400000 2 2 5 1250000 1 0 0 1 2 184 1 0 
 0 5683 425000 1 1 1 500000 0 0 0 1 2 0 5 0 
 0 2075 954000 2 3 4 4000 0 0 0 0 2 200 1001 0 
 0 4775 800000 2 8 4 787500 1 1 6 1 2 0 1261 1 
 1 3733 266500 2 13 4 16500 0 0 0 1 2 0 502 0 
 1 2992 183500 2 8 8 433500 1 0 0 0 2 260 201 1 
 1 3225 1400000 1 1 1 0 0 1 2 0 2 160 2 0 
 1 3316 316500 1 14 4 316500 1 1 3 1 2 380 1 1 
 0 1608 33500 2 1 1 0 0 1 1 0 2 160 127 0 
 1 2392 66500 2 8 4 16500 0 0 0 0 2 100 1 1 
 1 3775 700000 2 11 8 1150000 1 1 7 1 2 300 6 0 
 1 1933 950000 2 11 4 100000 1 0 0 1 2 60 401 1 
 1 2375 41500 1 8 4 4000 0 1 2 0 2 128 7 0 
 1 1967 37500 2 11 4 200000 1 1 2 1 2 80 1 1 
 0 4700 1300000 2 3 5 516500 1 1 9 1 2 0 1 1 
 1 2508 171000 2 14 4 166500 1 1 1 1 2 395 21 1 
 1 2250 1150000 1 7 4 150000 0 0 0 1 2 0 4001 0 
 1 2042 183500 2 8 4 225000 1 1 1 0 2 100 151 1 
 1 2958 450000 2 9 4 750000 1 1 2 1 2 330 1 1 
 1 4425 1100000 1 2 4 150000 1 0 0 0 1 0 1 0 
 0 3891 166500 2 6 4 25000 0 0 0 0 2 0 391 0 
 1 4150 154000 2 3 5 350000 0 0 0 0 2 216 1 1 
 1 1650 12500 2 8 4 16500 0 0 0 0 2 132 1 0 
 1 4217 504000 2 11 8 1275000 1 0 0 1 2 92 1 1 
 0 2250 41500 2 3 4 33500 0 0 0 1 1 144 1 0 
 0 4583 1050000 2 11 4 500000 1 1 7 1 2 0 1 1 
 1 3416 917000 2 8 4 450000 1 1 12 1 2 0 222 1 
 1 3958 500000 2 1 1 0 0 1 2 0 2 17 2 0 
 0 2875 375000 2 8 4 108500 1 1 1 1 2 371 1 1 
 1 5742 850000 2 10 8 700000 1 1 3 0 2 0 1 1 
 1 2600 100000 2 11 4 175000 1 0 0 1 2 280 1 1 
 1 2667 271000 1 13 4 525000 1 1 1 0 2 211 1 1 
 1 3416 154000 2 13 4 154000 1 1 1 1 2 520 50001 1 
 0 5575 708000 2 4 8 675000 1 1 3 1 2 100 51 0 
 0 2975 66500 2 9 4 25000 0 0 0 1 2 300 1 0 
 0 1875 750000 2 11 4 271000 1 1 5 0 2 184 26727 1 
 1 2167 116500 1 4 4 250000 1 1 1 0 2 180 21 0 
 1 2017 817000 2 6 4 196000 1 1 14 0 2 60 159 1 
 1 3616 42000 1 9 4 29000 0 0 0 1 2 309 3 0 
 1 3750 175000 1 8 5 25000 1 0 0 1 2 164 401 0 
 1 2267 254000 1 8 8 258500 1 0 0 0 2 0 1 1 
 1 1867 500000 2 11 4 37500 1 1 2 0 2 0 39 0 
 0 6950 600000 2 1 1 0 0 0 0 0 1 0 1 0 
 1 3125 112500 2 1 1 0 0 1 1 0 2 96 20 0 
 1 5600 1250000 2 4 8 800000 1 0 0 1 2 24 2029 1 
 1 2483 275000 2 8 4 225000 1 1 6 0 2 184 601 1 
 1 2942 125000 2 8 8 25000 0 1 2 1 2 400 109 0 
 0 3325 250000 1 8 4 250000 0 0 0 1 2 0 3 0 
 1 3017 650000 2 13 4 312500 1 1 8 0 2 330 1201 1 
 0 2408 50000 2 11 8 125000 1 1 1 0 2 0 679 1 
 0 2433 250000 1 3 5 450000 0 0 0 0 2 200 457 0 
 1 2675 112500 2 14 8 125000 1 0 0 0 2 0 5299 1 
 0 2358 1150000 1 4 8 300000 0 0 0 1 2 20 17 0 
 0 3658 29000 2 1 1 0 0 1 10 0 2 200 19 0 
 1 1792 20500 2 6 4 4000 0 0 0 0 2 280 751 0 
 0 2250 1100000 1 11 4 300000 1 0 0 1 2 268 1 0 
 1 3558 75000 2 4 4 150000 0 0 0 1 2 231 1 0 
 0 1958 66500 1 8 4 100000 0 1 1 0 2 2000 3 0 
 0 5250 700000 2 6 8 300000 0 0 0 0 2 0 1 0 
 1 1933 1091500 2 8 5 58499 0 1 2 1 2 200 8 0 
 0 1575 37500 2 8 4 100000 0 0 0 0 2 120 19 0 
 1 3183 250000 2 6 4 750000 1 0 0 1 2 523 1 0 
 0 2692 1350000 2 11 8 500000 1 1 2 0 2 0 5001 1 
 1 3075 158500 2 2 4 58499 0 0 0 1 1 0 1 0 
 0 3157 350000 2 2 4 300000 1 0 0 1 2 300 1 0 
 0 4725 75000 2 11 8 275000 1 1 1 0 2 333 893 1 
 1 2283 300000 2 7 4 129000 1 1 1 0 2 260 801 1 
 1 3366 125000 2 9 4 116500 0 0 0 0 2 120 1 0 
 0 3775 550000 2 11 4 12500 1 0 0 1 2 228 1 1 
 1 2683 54000 2 4 1 0 0 0 0 0 2 100 1 0 
 1 3408 250000 2 8 4 100000 0 0 0 0 2 460 17 0 
 1 2358 179000 2 8 4 54000 0 0 0 1 2 136 2 0 
 0 2108 500000 1 1 1 0 0 0 0 0 2 0 1 0 
 1 2267 158500 1 9 4 308500 1 1 6 0 2 80 1 1 
 0 2725 29000 2 7 8 12500 0 1 1 1 2 272 109 0 
 0 2858 166500 2 11 4 241500 1 0 0 1 2 440 1 0 
 0 2950 108500 1 14 4 100000 0 0 0 0 2 280 14 0 
 1 2225 900000 2 6 4 8500 0 0 0 0 2 0 1 0 
 1 5483 1550000 2 10 9 0 1 1 20 0 2 152 131 0 
 1 1758 1000000 2 9 8 16500 0 1 1 0 2 120 2 0 
 0 2050 1183500 2 8 8 600000 1 0 0 0 2 340 1 1 
 1 3608 254000 2 1 1 0 0 0 0 0 2 0 1001 0 
 1 2258 150000 1 6 4 54000 0 0 0 1 2 120 68 0 
 1 2408 900000 2 6 4 25000 0 0 0 1 2 0 1 0 
 0 2650 271000 1 8 4 8500 0 0 0 0 1 80 1 0 
 1 1950 29000 2 4 4 29000 0 0 0 0 2 280 365 0 
 1 2075 508500 1 5 4 29000 0 0 0 0 2 140 185 0 
 0 5833 1000000 2 11 4 400000 1 1 14 0 2 0 1603 1 
 0 2192 1166500 2 4 8 8500 0 0 0 0 2 320 6 0 
 1 4958 1900000 2 1 1 0 1 1 1 0 2 94 1 0 
 1 4117 133500 2 2 4 16500 0 0 0 0 2 168 1 0 
 1 5183 300000 1 1 1 150000 0 0 0 0 2 180 5 0 
 1 2667 175000 1 8 4 100000 1 1 5 1 2 160 5778 1 
 1 2725 166500 2 13 8 508500 1 1 9 0 2 399 828 1 
 0 4533 100000 2 11 4 12500 0 0 0 1 2 263 1 0 
 1 3241 216500 1 4 1 0 0 0 0 0 2 120 1 0 
 1 3083 0 2 9 4 125000 1 1 1 0 2 202 1 1 
 1 2050 1000000 1 8 4 250000 1 0 0 0 1 40 1 1 
 1 2350 316500 1 4 4 41500 0 1 1 1 2 280 81 0 
 0 3325 300000 1 6 4 200000 0 0 0 0 2 180 1 0 
 1 2458 1250000 2 9 4 87500 1 0 0 1 2 260 1 0 
 0 2450 104000 1 1 1 50000 1 1 3 0 2 180 148 0 
 1 4850 425000 2 7 4 12500 1 0 0 1 2 225 1 1 
 0 2375 71000 2 9 4 25000 0 1 1 1 2 240 5 0 
 0 2608 866500 2 6 4 141500 1 0 0 0 2 160 151 1 
 1 2108 1008500 1 10 8 125000 0 0 0 0 2 260 1 0 
 1 3458 0 2 8 4 0 0 0 0 0 3 184 1 0 
 0 3483 125000 1 3 8 50000 0 0 0 1 2 160 1 0 
 1 3157 62500 2 4 4 25000 0 0 0 0 2 380 2011 0 
 1 2675 450000 1 8 5 250000 0 0 0 0 2 200 1211 0 
 1 3233 750000 2 10 5 158500 1 0 0 1 1 420 1 0 
 1 6408 2000000 2 14 8 1750000 1 1 9 1 2 0 1001 1 
 0 6092 500000 2 6 4 400000 1 1 4 0 2 0 100 1 
 1 2025 996000 2 10 2 0 1 0 0 0 2 0 1 1 
 1 4917 229000 2 1 1 29000 0 0 0 0 2 200 4 0 
 1 2267 1050000 2 11 8 133500 1 0 0 0 2 100 1 1 
 1 2333 1162500 1 9 4 83500 1 0 0 1 2 160 301 1 
 1 3475 250000 2 13 5 50000 0 0 0 0 2 348 1 0 
 0 2175 1175000 2 8 4 25000 0 0 0 1 2 180 1 0 
 0 2858 354000 2 3 5 50000 1 0 0 1 2 171 1 0 
 0 2483 450000 2 9 4 100000 0 0 0 1 2 360 7 0 
 1 6250 1275000 1 8 8 500000 1 0 0 0 2 112 1 0 
 0 3157 150000 2 1 1 0 0 1 2 1 2 200 106 0 
 0 5842 2100000 2 3 5 1000000 1 1 13 0 2 0 6701 1 
 1 2250 12500 1 4 4 12500 0 0 0 0 2 200 71 0 
 1 3641 75000 1 2 4 58499 0 0 0 0 2 240 4 0 
 0 2850 100000 2 11 4 100000 1 1 2 1 2 167 501 0 
 1 2833 500000 2 9 4 1100000 1 0 0 1 2 70 1 1 
 1 3241 300000 2 2 4 16500 0 0 0 1 2 120 1 0 
 1 5242 150000 2 2 4 375000 0 0 0 1 2 0 351 0 
 1 8025 550000 2 8 4 54000 1 0 0 0 2 0 341 0 
 0 3042 137500 2 9 8 4000 0 1 3 0 2 0 34 0 
 1 2700 150000 1 9 4 37500 1 0 0 1 2 260 1066 1 
 1 4767 250000 2 7 5 250000 1 1 12 1 2 410 2511 1 
 1 2150 1150000 2 3 4 50000 1 0 0 1 2 100 69 0 
 0 2758 300000 2 7 4 279000 0 1 1 1 2 280 11 0 
 1 1958 58499 2 1 1 0 0 1 3 0 2 350 770 0 
 1 2858 362500 2 6 4 25000 0 0 0 1 2 100 1 0 
 1 5783 704000 2 7 4 1400000 1 1 6 1 2 360 1333 1 
 1 3616 1812500 2 9 4 8500 0 0 0 0 2 320 3553 0 
 1 2067 125000 1 8 8 137500 1 1 3 1 2 140 211 0 
 0 2083 300000 2 6 4 4000 1 0 0 0 2 100 1 1 
 1 6275 700000 2 10 9 0 0 0 0 0 2 0 13 0 
 1 2583 1283500 2 13 4 50000 0 0 0 0 2 0 3 0 
 1 3233 350000 2 4 4 50000 0 0 0 1 2 232 1 0 
 0 3675 471000 2 1 1 0 0 0 0 0 2 160 1 0 
 1 2417 87500 2 11 4 462500 1 1 2 1 2 520 2001 1 
 1 3400 450000 2 6 4 100000 1 0 0 1 2 240 1 0 
 0 2358 83000 2 11 4 41500 0 1 1 1 2 200 12 0 
 1 1708 8500 1 8 4 4000 0 0 0 0 2 140 723 0 
 0 1917 58499 1 6 4 58499 1 0 0 1 2 160 1 0 
 1 3741 204000 2 9 4 4000 1 0 0 1 2 400 5801 1 
 0 4817 133500 2 3 7 33500 0 0 0 0 2 0 121 0 
 1 4200 20500 2 3 8 512500 1 0 0 0 2 400 1 1 
 0 5333 16500 2 1 1 0 0 0 0 1 1 62 28 0 
 1 2500 1200000 2 4 4 225000 1 1 2 1 2 120 6 0 
 0 4742 800000 2 10 5 650000 1 1 6 0 2 375 51101 1 
 0 2808 1500000 1 10 9 0 1 0 0 0 2 0 13213 1 
 0 2500 1233000 2 13 8 350000 1 1 6 0 2 400 459 1 
 1 2067 529000 2 11 4 37500 1 1 1 0 2 160 1 0 
 0 3050 650000 2 8 5 400000 1 1 7 1 2 0 3066 1 
 1 1808 550000 2 4 4 50000 1 0 0 0 2 80 1 1 
 0 2033 1000000 2 8 8 100000 1 1 4 0 2 50 1466 1 
 1 4325 300000 2 11 8 600000 1 1 11 0 2 80 1 1 
 1 2233 1100000 2 9 4 200000 1 1 1 0 2 80 279 1 
 1 2067 41500 2 8 4 12500 0 0 0 0 2 0 45 0 
 0 2533 208500 2 8 8 275000 1 0 0 1 2 360 2 0 
 1 3616 550000 2 3 5 500000 0 0 0 0 2 210 688 0 
 1 3958 1391500 2 9 4 862500 1 1 6 1 2 70 1 1 
 1 2300 62500 1 6 4 12500 1 0 0 0 2 180 2 0 
 1 2342 100000 2 8 4 50000 0 0 0 1 1 280 1 0 
 1 3900 500000 2 13 4 350000 1 1 10 1 2 0 1 1 
 1 3825 1012500 1 4 4 12500 0 0 0 0 2 160 1 0 
 1 7675 2229000 2 10 9 1275000 1 1 1 1 2 0 110 1 
 0 1583 58499 2 8 8 150000 1 1 2 0 2 100 1 1 
 0 2067 183500 2 11 4 208500 1 1 5 0 2 220 2504 1 
 1 3516 450000 2 14 8 575000 0 0 0 1 1 711 1 1 
 1 3633 379000 2 9 4 116500 1 0 0 1 2 200 1 0 
 1 5142 4000 2 14 8 4000 1 0 0 0 2 0 3001 1 
 1 4483 700000 1 8 4 162500 0 0 0 0 2 160 3 0 
 1 3441 425000 2 3 5 325000 1 1 2 0 2 274 611 1 
 1 2825 87500 2 7 4 96000 1 1 3 1 2 396 1 1 
 0 2258 1075000 2 11 4 41500 1 1 5 1 2 0 561 1 
 1 2500 1250000 2 6 4 300000 1 0 0 1 1 20 1 1 
 0 2475 1250000 2 6 4 150000 1 1 12 1 2 120 568 1 
 1 2567 221000 1 6 4 400000 1 0 0 0 2 188 1 0 
 1 2300 75000 2 7 4 50000 1 0 0 1 1 320 1 0 
 1 2633 1300000 2 10 2 0 0 0 0 1 2 140 1111 0 
 1 3950 162500 2 8 4 150000 0 0 0 0 2 0 317 0 
 1 2000 125000 1 4 4 12500 0 0 0 0 2 140 5 0 
 1 3416 525000 2 9 4 8500 0 0 0 1 2 290 7 1 
 0 2125 233500 2 3 5 50000 1 1 4 0 1 80 1 1 
 1 1900 0 1 1 1 0 0 1 4 0 2 45 2 0 
 1 2392 58499 1 13 8 12500 0 0 0 0 2 240 2 0 
 1 3500 337500 2 8 8 829000 0 0 0 1 2 0 1 0 
 1 3108 308500 2 8 4 250000 0 1 2 1 2 160 42 0 
 0 3058 1066500 2 11 8 8500 0 1 12 1 2 129 4 0 
 1 2342 58499 2 8 8 8500 1 0 0 0 2 180 1 0 
 0 3025 550000 2 4 4 550000 0 0 0 1 1 100 1 0 
 1 3266 900000 1 9 8 525000 1 0 0 1 2 154 1 1 
 1 5967 154000 2 11 4 12500 1 0 0 1 2 260 1 1 
 1 4058 329000 2 7 4 350000 0 0 0 1 1 400 1 0 
 0 4083 350000 2 3 5 50000 0 0 0 0 1 1160 1 0 
 0 2458 67000 2 6 8 175000 1 0 0 0 2 400 1 0 
 0 3875 150000 2 1 1 0 0 0 0 0 2 76 1 0 
 0 1842 925000 2 11 4 121000 1 1 4 0 2 60 541 1 
 1 4808 375000 2 3 5 100000 0 0 0 0 2 100 3 0 
 1 2150 975000 2 8 4 25000 1 0 0 0 2 140 1 0 
 0 2342 79000 1 11 4 150000 1 1 2 1 2 80 401 1 
 1 2567 325000 2 8 8 229000 0 1 1 1 2 416 22 0 
 1 1742 650000 2 3 4 12500 0 0 0 0 2 60 101 0 
 1 4091 50000 1 7 4 50000 0 0 0 1 2 130 1 0 
 1 2442 1233500 2 11 8 158500 1 0 0 1 2 120 1 1 
 1 3491 500000 2 14 8 750000 1 1 6 1 2 0 1001 1 
 1 3192 446000 2 13 8 604000 1 1 3 0 2 311 301 1 
 1 3933 587500 2 13 8 1000000 1 1 14 1 2 399 1 1 
 0 2075 1033500 2 13 8 33500 1 1 1 1 2 80 51 1 
 1 2475 54000 2 7 4 100000 0 0 0 1 2 120 2 0 
 1 2575 50000 2 8 4 146000 1 1 5 1 2 312 1 1 
 1 1858 571000 2 2 4 54000 0 0 0 0 2 120 1 0 
 1 3666 325000 2 11 8 900000 1 0 0 1 2 102 640 1 
 1 2317 1112500 2 14 8 46000 1 1 1 0 2 100 1 1 
 0 2067 300000 2 11 4 16500 1 1 3 0 2 100 7 1 
 0 1583 762500 2 11 4 12500 0 1 1 1 2 0 161 0 
 1 1917 950000 2 9 4 150000 1 0 0 0 2 120 2207 1 
 1 2042 108500 2 11 4 150000 0 0 0 0 2 108 8 0 
 1 3158 75000 1 6 4 350000 0 0 0 1 2 320 1 0 
 1 2825 512500 2 14 4 475000 1 1 2 0 2 420 8 1 
 0 4417 666500 2 11 4 737500 1 1 3 1 2 0 1 1 
 1 2408 87500 2 7 4 8500 0 1 4 0 2 254 1951 0 
 1 3157 300000 1 3 5 700000 0 0 0 0 2 0 2 0 
 1 3033 50000 2 2 8 8500 0 0 0 1 1 252 1 0 
 0 7158 0 2 8 4 0 0 0 0 0 3 184 1 1 
 1 1633 408500 2 3 8 41500 0 0 0 1 2 120 1 0 
 1 2450 1333500 1 6 4 4000 0 0 0 1 2 120 476 0 
 1 1950 958500 2 6 4 79000 0 0 0 0 2 80 351 0 
 1 1883 354000 1 1 1 0 0 0 0 1 2 180 2 0 
 1 3275 150000 2 13 8 550000 1 1 3 1 2 0 1 1 
 1 5458 941500 2 1 1 1441500 1 1 11 1 2 30 301 1 
 1 2550 37500 2 7 4 25000 1 1 3 0 2 260 15109 1 
 0 2042 83500 2 11 4 158500 1 1 1 0 2 0 1 1 
 1 3017 50000 2 8 4 175000 1 1 11 0 2 32 541 1 
 0 2542 112500 2 11 4 129000 1 1 2 0 2 200 1 0 
 1 4858 20500 1 4 4 25000 1 1 11 0 2 380 2733 1 
 0 4983 1358500 2 4 8 850000 1 0 0 1 2 0 1 1 
 1 3983 50000 2 7 4 25000 1 0 0 0 1 288 1 0 
 1 3108 150000 1 9 4 4000 0 0 0 0 1 160 1 0 
 0 1792 1021000 2 1 1 0 0 0 0 0 2 0 51 0 
 1 1825 16500 2 2 4 25000 0 0 0 1 1 280 1 0 
 0 2042 750000 2 4 4 150000 1 1 1 0 2 160 235 1 
 1 4058 150000 2 3 5 0 0 0 0 0 1 300 1 0 
 1 2967 141500 2 9 8 75000 1 1 1 0 2 240 101 1 
 1 3575 241500 2 9 4 12500 0 1 2 0 2 220 2 0 
 0 2508 254000 1 6 4 25000 1 0 0 1 2 370 1 1 
 1 2000 700000 2 8 4 50000 0 0 0 0 2 0 1 0 
 0 2867 104000 2 8 4 250000 1 1 5 1 2 300 1431 1 
 1 2117 87500 1 8 8 25000 0 0 0 0 2 280 205 0 
 1 3316 100000 2 14 4 75000 1 1 7 1 2 340 4072 1 
 0 3000 529000 2 10 2 225000 1 1 5 1 2 99 501 1 
 1 3750 112500 1 2 4 150000 0 0 0 1 2 431 1 1 
 1 2000 1104500 2 8 4 200000 0 0 0 1 2 136 1 0 
 1 2325 400000 2 8 5 25000 1 0 0 1 2 160 1 1 
 1 3358 275000 2 7 4 425000 1 1 6 0 2 204 1 1 
 0 4667 46000 2 13 8 41500 1 1 11 1 2 440 7 1 
 1 2308 0 2 4 4 100000 0 1 11 0 1 0 1 0 
 1 2042 0 2 8 4 0 0 0 0 0 3 184 1 0 
 1 2617 1250000 1 4 8 125000 0 0 0 1 2 0 18 0 
 1 1942 150000 1 13 4 200000 1 0 0 1 2 100 21 0 
 1 3633 212500 1 9 4 8500 1 1 1 0 2 50 1188 1 
 1 1375 400000 1 9 4 175000 1 1 2 1 2 120 1001 1 
 0 3157 1125000 2 1 1 0 0 0 0 0 2 184 5201 0 
 1 2692 225000 2 3 5 50000 0 0 0 1 2 640 4001 0 
 0 1883 954000 2 6 4 8500 1 0 0 0 2 100 1 1 
 1 4192 42000 2 8 8 21000 1 1 6 0 2 220 949 1 
 1 6917 900000 2 1 1 400000 0 1 1 0 2 70 7 0 
 1 3416 275000 2 3 5 250000 0 0 0 1 2 232 201 0 
 1 2308 1150000 2 3 4 350000 1 1 9 0 2 56 743 1 
 0 2500 1100000 1 6 4 450000 1 0 0 0 2 120 1 0 
 0 4608 300000 2 8 4 237500 1 1 8 1 2 396 4160 1 
 1 4208 104000 2 9 4 500000 1 1 6 1 2 500 10001 1 
 0 2767 150000 2 7 4 200000 1 0 0 0 1 368 1 0 
 1 2892 1500000 2 8 8 533500 1 1 11 0 2 0 2284 1 
 0 2167 1150000 1 5 3 0 1 1 11 1 2 0 1 1 
 1 3441 133500 2 3 5 12500 0 0 0 1 2 440 4501 0 
 1 5950 275000 2 9 4 175000 1 1 5 1 2 60 59 1 
 1 3750 83500 2 10 4 4000 0 0 0 0 2 120 6 0 
 0 2450 241500 1 8 4 0 0 0 0 0 2 120 1 0 
 1 3157 1050000 2 14 4 650000 1 0 0 0 2 0 1 1 
 1 3916 162500 2 8 4 150000 1 1 10 0 2 186 4701 1 
 1 2783 154000 2 9 4 375000 1 1 5 1 2 100 4 1 
 1 3991 54000 1 6 4 50000 1 1 3 0 2 200 1001 1 
 1 3400 550000 1 8 4 150000 0 0 0 1 2 60 1 0 
 1 5233 137500 1 8 8 946000 1 0 0 1 2 200 101 0 
 0 5650 1600000 2 5 1 0 1 1 15 0 2 0 248 1 
 1 2700 75000 2 8 8 425000 1 1 3 1 2 312 151 1 
 0 2958 175000 1 4 4 125000 0 0 0 1 2 280 1 0 
 1 1708 329000 2 3 4 33500 0 0 0 1 2 140 3 0 
 1 4091 83500 2 1 1 0 1 0 0 0 2 130 2 0 
 0 2950 200000 1 10 8 200000 0 0 0 0 2 256 18 0 
 1 2667 425000 2 13 4 429000 1 1 1 1 2 120 1 1 
 1 2292 17000 2 7 4 8500 0 0 0 0 1 0 1 0 
 1 4175 96000 2 14 4 250000 1 0 0 0 2 510 601 1 
 1 2292 316500 1 8 4 16500 0 0 0 0 2 160 1059 0 
 0 5283 1500000 2 8 4 550000 1 1 14 0 2 0 2201 1 
 1 2825 504000 1 8 5 150000 1 1 8 1 2 144 8 1 
 1 6333 54000 2 8 4 58499 1 1 3 1 2 180 1 0 
 0 3316 225000 1 13 4 350000 0 0 0 1 2 200 142 0 
 0 1958 66500 2 9 4 166500 0 0 0 0 2 220 6 0 
 0 2742 1450000 2 14 8 308500 1 1 1 0 2 120 12 1 
 1 2183 1100000 2 14 4 29000 1 1 6 0 2 121 1 1 
 0 2525 1250000 2 2 4 100000 0 0 0 1 2 180 1063 0 
 1 1833 121000 1 10 2 0 0 0 0 0 2 100 1 0 
 0 4225 175000 1 8 4 0 0 0 0 1 2 150 2 0 
 1 3142 1550000 2 8 4 50000 1 0 0 0 2 120 1 0 
 0 2275 616500 2 6 4 16500 0 0 0 0 2 220 1001 0 
 0 6517 1400000 2 1 1 0 1 1 11 1 2 0 1401 1 
 0 2242 566500 2 11 4 258500 1 1 7 0 2 129 3258 1 
 1 3225 16500 1 8 8 325000 1 1 1 1 2 432 8001 1 
 1 4783 416500 2 14 5 8500 0 0 0 1 2 520 1 0 
 1 5858 271000 2 8 4 241500 0 0 0 1 2 320 1 0 
 1 2308 250000 2 1 1 8500 0 0 0 1 2 100 4209 0 
 1 2017 562500 2 9 4 171000 1 0 0 0 1 120 1 1 
 0 3575 91500 2 6 4 75000 1 1 4 0 2 0 1584 1 
 1 2867 933500 2 11 8 566500 1 1 6 0 2 381 169 1 
 0 5867 446000 2 11 8 304000 1 1 6 0 2 43 561 1 
 1 1842 1041500 1 6 4 12500 1 0 0 0 2 120 376 0 
 1 3525 316500 2 14 8 375000 1 0 0 1 2 680 1 0 
 0 2450 175000 1 8 4 16500 0 0 0 0 2 132 1 0 
 1 3866 21000 2 4 4 8500 1 0 0 1 2 280 1 1 
 1 1817 1025000 2 8 8 108500 0 0 0 0 2 320 14 0 
 0 1858 1000000 2 2 4 41500 0 0 0 0 2 80 43 0 
 1 4275 300000 2 3 5 100000 1 0 0 0 2 0 201 0 
 0 5008 1254000 2 6 4 229000 1 1 3 1 2 156 1 1 
 1 2767 1375000 2 9 4 575000 1 0 0 1 2 487 501 1 
 1 1942 650000 2 9 8 146000 1 1 7 0 2 80 2955 1 
 1 3300 250000 1 9 4 700000 0 0 0 1 2 280 1 0 
 1 4142 500000 2 11 8 500000 1 1 6 1 2 470 1 1 
 1 3125 283500 2 1 1 0 0 1 5 0 2 176 147 0 
 0 2042 1050000 1 14 8 0 0 0 0 1 2 154 33 0 
 1 3358 33500 1 13 4 8500 0 0 0 0 2 180 1 0 
 1 3275 233500 2 2 8 575000 0 0 0 1 2 292 1 0 
 0 4600 400000 2 5 3 0 1 0 0 0 2 100 961 1 
 1 1600 312500 2 9 4 8500 0 1 1 0 2 0 7 0 
 1 2567 29000 1 8 4 150000 0 0 0 1 2 160 1 0 
 1 2667 1458500 2 3 5 0 0 0 0 1 2 178 1 0 
 1 4500 850000 2 13 8 1400000 1 1 1 1 2 88 2001 1 
 0 2475 300000 2 11 8 183500 1 1 19 0 2 0 501 1 
 0 4033 812500 1 4 4 16500 0 1 2 0 2 184 19 0 
 0 2150 600000 2 6 4 250000 1 1 3 0 2 80 919 1 
 0 5758 200000 2 1 1 650000 0 1 1 0 2 0 11 0 
 0 1825 1000000 2 9 4 100000 0 1 1 0 2 120 2 0 
 1 5433 675000 2 8 8 262500 1 1 11 1 2 0 285 1 
 1 1750 2200000 3 1 7 0 0 0 0 1 3 450 100001 1 
 1 3716 400000 2 8 5 500000 1 0 0 1 1 280 1 0 
 1 4817 350000 2 6 4 350000 1 0 0 0 1 230 1 1 
 0 2083 50000 1 10 2 100000 0 0 0 0 2 260 1 0 
 1 3008 104000 1 3 5 50000 1 1 10 1 2 132 29 0 
 0 2492 125000 2 1 1 0 1 0 0 0 2 80 1 0 
 1 4425 50000 2 7 4 1075000 1 0 0 0 1 400 1 0 
 0 3908 400000 2 8 4 300000 0 0 0 0 2 480 1 0 
 1 4308 37500 1 8 4 37500 1 1 8 1 2 300 163 1 
 0 1758 900000 2 6 4 137500 1 0 0 1 2 0 1 1 
 1 5133 1000000 2 3 5 0 1 1 11 0 2 0 1250 1 
 1 2783 150000 2 9 4 225000 0 1 1 1 2 100 4 0 
 1 2100 479000 1 9 4 225000 1 1 1 1 2 80 301 1 
 1 2117 0 2 8 4 50000 0 0 0 1 1 0 1 0 
 1 2325 150000 2 11 4 237500 1 1 3 1 2 0 583 1 
 1 3133 1950000 2 8 4 700000 1 1 16 0 2 0 5001 1 
 1 2983 125000 1 4 4 25000 0 0 0 0 2 224 1 0 
 1 2208 1146000 2 4 4 158500 0 0 0 1 2 100 1213 0 
 0 2558 0 2 8 4 0 0 0 0 0 3 184 1 1 
 0 2267 75000 2 8 4 200000 0 1 2 1 2 200 395 0 
 1 2517 300000 2 8 4 125000 0 1 1 0 2 0 23 0 
 0 2358 58499 1 1 1 12500 0 0 0 0 2 120 88 0 
 0 2617 200000 2 5 3 0 0 0 0 1 2 276 2 0 
 1 3666 441500 1 4 4 25000 1 1 10 1 2 320 1 1 
 1 3067 250000 2 13 8 225000 0 0 0 1 1 340 1 0 
 0 2817 58499 2 6 4 4000 0 0 0 0 2 260 1005 0 
 1 2042 700000 2 8 4 162500 1 1 3 0 2 200 1392 1 
 0 3366 37500 2 13 4 37500 0 0 0 0 2 300 45 1 
 0 1883 950000 2 9 4 162500 1 1 6 1 2 40 601 1 
 1 2308 1150000 2 9 8 212500 1 1 11 1 2 290 285 1 
 0 2350 900000 2 11 4 850000 1 1 5 1 2 120 1 1 
 0 3308 162500 2 2 4 54000 0 0 0 1 2 0 1 0 
 1 2742 1250000 2 6 5 25000 0 0 0 1 2 720 1 0 
 1 1625 83500 2 7 4 8500 1 0 0 0 1 200 1 0 
 1 2125 150000 2 9 4 150000 0 0 0 0 2 150 9 1 
 1 2000 0 2 2 4 50000 0 0 0 0 2 144 1 0 
 0 5025 83500 2 6 4 50000 0 0 0 1 2 240 118 0 
 0 2842 350000 2 9 4 83500 1 0 0 0 1 280 1 1 
 1 2183 25000 2 2 8 66500 1 0 0 1 2 0 1 1 
 0 3233 54000 2 13 4 4000 1 0 0 0 2 440 11178 1 
 1 2983 204000 1 14 8 4000 0 0 0 0 2 128 2 0 
 1 1817 246000 2 8 7 96000 0 1 2 1 2 160 588 0 
 1 3466 108000 2 7 4 116500 0 0 0 0 1 28 1 0 
 1 3925 950000 2 7 4 650000 1 1 14 0 2 240 4608 1 
 1 2767 75000 2 11 8 16500 0 0 0 1 2 220 252 0 
 0 1917 858500 2 13 8 75000 1 1 7 0 2 96 1 1 
 0 4742 300000 2 14 4 1387500 1 1 2 1 2 519 1705 1 
 1 1633 275000 2 6 4 66500 0 1 1 0 2 80 22 0 
 1 3858 333500 2 9 4 400000 1 1 14 0 2 383 1345 1 
 1 1858 1029000 2 1 1 41500 0 0 0 0 2 80 1 0 
 0 3375 75000 2 4 5 100000 1 1 3 1 2 212 1 0 
 1 2458 1350000 1 1 1 0 0 0 0 0 2 184 1 0 
 1 7342 1775000 2 1 1 0 1 0 0 1 2 0 1 1 
 1 2983 350000 2 8 4 16500 0 0 0 0 2 216 1 0 
 0 1917 541500 2 3 8 29000 0 0 0 0 2 80 485 0 
 0 4158 104000 2 6 4 66500 0 0 0 0 2 240 238 0 
 1 4817 762500 2 9 8 1550000 1 1 12 0 2 0 791 1 
 1 2892 37500 2 8 4 29000 0 0 0 0 2 220 141 0 
 1 4117 404000 2 13 8 700000 1 1 8 0 2 320 1 1 
 1 3183 4000 1 7 4 4000 0 0 0 0 2 0 1 0 
 0 3225 150000 2 8 4 25000 0 0 0 1 2 372 123 0 
 1 3733 650000 2 7 8 425000 1 1 12 1 2 93 1 1 
 1 3316 104000 2 12 8 650000 1 0 0 1 2 164 31286 1 
 1 2142 75000 1 12 7 75000 0 0 0 1 2 132 3 0 
 0 4083 1000000 2 11 8 175000 1 0 0 0 2 29 838 1 
 1 2800 300000 2 9 4 75000 0 0 0 1 2 300 68 0 
 1 2617 83500 2 13 4 116500 0 0 0 0 2 100 1 0 
 0 4100 204000 1 11 8 12500 1 1 23 1 2 455 1237 1 
 0 2575 50000 2 8 8 87500 1 0 0 1 2 491 1 1 
 0 2767 204000 2 9 4 25000 0 0 0 1 2 180 51 0 
 1 4733 650000 2 8 4 100000 0 0 0 1 2 0 229 0 
 1 2300 75000 2 7 4 50000 0 0 0 1 1 320 1 0 
 1 3475 1500000 2 12 7 537500 1 1 9 1 2 0 135 1 
 0 3541 1200000 2 11 8 1400000 1 1 8 0 2 0 6591 1 
 1 4950 758500 2 3 5 758500 1 1 15 1 2 0 5001 1 
 1 2675 200000 2 2 4 75000 0 0 0 1 2 80 1 0 
 0 1600 16500 2 6 4 100000 0 1 2 1 2 320 2 0 
 1 2200 79000 2 9 4 29000 0 1 1 0 2 420 284 0 
 1 3157 400000 1 3 4 8500 0 0 0 1 2 411 1 0 
 1 3350 175000 2 14 8 450000 1 1 4 1 2 253 858 1 
 1 3208 400000 1 13 4 150000 0 0 0 1 2 120 1 0 
 0 1950 16500 2 11 4 4000 0 0 0 1 2 380 1 0 
 1 1883 0 2 11 4 66500 0 0 0 0 2 160 2 0 
 1 3950 425000 2 8 5 650000 1 1 16 0 2 117 1211 1 
 1 4300 29000 1 13 8 175000 1 1 8 0 2 100 376 1 
 1 3358 25000 2 3 5 400000 0 0 0 1 1 420 1 0 
 0 2075 1025000 2 11 4 71000 1 1 2 1 2 49 1 1 
 1 2517 600000 2 8 4 100000 1 1 3 0 2 0 1 1 
 1 5250 650000 2 4 4 629000 1 1 15 0 2 0 11203 1 
 1 3916 171000 2 14 4 12500 1 1 5 1 2 480 1 1 
 1 5675 1225000 2 7 4 125000 1 1 4 1 2 200 1 1 
 0 2008 12500 2 11 4 100000 0 1 1 0 2 240 769 1 
 1 2925 1479000 2 6 4 504000 1 1 5 1 2 168 1 1 
 0 2475 1366500 2 11 8 150000 0 0 0 0 2 280 2 0 
 1 2317 0 2 8 4 0 0 0 0 0 3 184 1 1 
 1 3157 50000 2 8 5 83500 1 0 0 1 1 320 1 0 
 1 2325 100000 2 8 4 83500 1 0 0 0 1 300 1 1 
 0 2325 587500 2 11 4 317000 1 1 10 0 2 120 246 1 
 0 2300 1175000 2 14 8 50000 1 1 2 1 2 300 552 1 
 1 1625 0 1 6 4 25000 0 0 0 0 2 60 1 0 
 1 2867 1450000 2 2 4 12500 0 0 0 0 2 0 287 0 
 0 2950 46000 2 4 4 54000 1 1 4 0 2 380 501 1 
 1 2392 150000 2 2 8 187500 1 1 6 0 2 200 328 1 
 0 4900 150000 2 5 3 0 1 0 0 1 2 100 28 0 
 1 1942 725000 2 7 4 4000 0 1 1 0 2 100 2 0 
 1 1917 0 1 7 5 0 0 0 0 1 1 500 2 1 
 1 2192 50000 2 8 4 12500 0 0 0 0 2 360 1 0 
 1 4091 225000 1 14 8 1000000 1 0 0 1 2 176 1 0 
 1 4058 500000 2 8 4 500000 1 1 7 0 2 0 3066 1 
 1 3366 216500 2 8 4 150000 0 0 0 0 3 120 1 0 
 0 3200 600000 2 2 4 125000 0 0 0 0 2 272 1 0 
 1 2958 475000 2 7 4 200000 0 1 1 1 2 460 69 0 
 1 2800 200000 2 4 8 416500 1 1 2 1 2 181 1 1 
 0 1792 54000 2 8 4 175000 0 1 1 1 2 80 6 0 
 1 5658 1850000 2 2 5 1500000 1 1 17 1 2 0 1 1 
 0 3600 100000 2 8 4 200000 1 1 11 0 2 0 457 1 
 1 4325 2521000 2 11 8 21000 1 1 1 0 2 760 91 0 
 1 2525 100000 2 6 4 50000 0 0 0 0 2 200 1 0 
 1 4025 2150000 2 10 9 2000000 1 1 11 0 2 0 1201 1 
 0 5708 33500 2 3 5 100000 1 0 0 1 2 252 2198 0 
 1 4825 2508500 2 9 4 175000 1 1 3 0 2 120 15 1 
 1 5183 204000 1 1 1 150000 0 0 0 0 2 120 2 0 
 1 2192 54000 1 14 4 4000 1 1 1 1 2 840 60 1 
 1 3283 250000 2 13 8 275000 1 1 6 0 2 160 2073 1 
 1 2317 0 2 13 4 8500 1 0 0 0 2 0 1 1 
 1 3408 8000 1 7 5 4000 1 1 1 1 2 280 2001 1 
 1 1900 175000 1 8 4 233500 0 0 0 1 2 112 7 0 
 0 2175 175000 1 5 3 0 0 0 0 0 2 160 1 0 
 1 4117 125000 1 9 4 25000 0 0 0 0 2 0 196 0 
 0 2350 150000 2 9 4 87500 0 0 0 1 2 160 1 0 
 0 3516 375000 2 1 1 0 0 1 6 0 2 0 201 0 
 1 3816 1012500 2 14 4 250000 1 1 6 0 2 520 197 1 
 1 6008 1450000 2 1 1 1800000 1 1 15 1 2 0 1001 1 
 1 2558 33500 2 4 8 350000 0 0 0 1 2 340 1 0 
 1 1967 1000000 1 4 8 83500 1 0 0 1 2 140 1 0 
 1 3841 70500 2 8 4 37500 0 1 2 0 2 225 501 0 
 0 5192 650000 2 3 5 308500 0 0 0 1 2 73 1 0 
 1 2133 1050000 2 8 4 300000 1 0 0 1 2 0 1 1 
 0 2517 287500 2 14 8 87500 1 0 0 0 2 360 1 1 
 0 6867 1500000 2 10 9 0 1 1 14 0 2 0 3377 1 
 1 4000 650000 2 6 5 350000 1 1 1 0 2 0 501 1 
 0 5708 1950000 2 8 4 550000 1 1 7 0 2 0 3001 1 
 0 3216 146000 2 9 4 108500 1 1 16 0 2 120 2080 1 
 1 5592 1150000 2 1 1 500000 1 1 5 0 2 0 8852 1 
 0 3192 312500 2 1 1 304000 0 1 2 1 2 200 5 0 
 1 4133 0 2 8 5 1500000 1 0 0 0 2 0 1 1 
 0 1975 75000 2 8 4 79500 1 1 5 1 2 140 6 0 
 1 4250 491500 1 9 4 316500 1 0 0 1 2 52 1443 1 
 1 3266 550000 2 11 8 550000 1 1 12 1 2 408 1001 1 
 1 3516 2512500 2 14 8 162500 1 1 1 1 2 515 501 1 
 1 3991 500000 2 3 5 21000 0 0 0 0 2 550 1 0 
 1 4767 29000 2 8 5 1500000 1 1 20 0 2 0 15001 1 
 0 3175 300000 1 5 3 0 0 0 0 0 2 160 21 0 
 1 3675 12500 1 8 4 150000 0 0 0 1 2 232 114 1 
 1 2875 116500 2 4 4 50000 1 0 0 0 1 280 1 0 
 1 3941 171000 1 7 4 16500 0 0 0 0 1 400 1 0 
 1 3991 621000 2 11 4 4000 1 1 1 0 2 200 301 1 
 1 2775 58499 1 13 4 25000 1 1 2 0 2 260 501 1 
 1 3400 508500 1 3 5 108500 0 0 0 1 2 480 1 0 
 1 2275 1150000 2 3 4 41500 0 0 0 0 2 0 1 0 
 1 4158 175000 2 4 4 21000 1 0 0 0 2 160 1 0 
 1 2217 1212500 2 8 4 333500 0 1 2 1 2 180 174 0 
 1 3425 175000 2 9 5 25000 1 0 0 1 2 163 1 0 
 0 2267 33500 2 11 4 75000 0 0 0 0 1 160 1 0 
 1 2308 250000 2 8 4 108500 1 1 11 1 2 60 2185 1 
 0 3391 158500 1 1 1 0 1 0 0 0 2 320 1 0 
 0 2858 375000 2 8 4 25000 0 1 1 1 2 40 155 0 
 1 2217 58499 1 1 1 0 0 0 0 0 2 100 1 0 
 1 2567 1250000 2 13 4 121000 1 1 67 1 2 140 259 1 
 1 5158 1500000 2 8 4 850000 1 1 9 0 2 0 1 1 
 0 2242 1125000 1 14 8 75000 1 1 4 0 2 0 322 1 
 1 2767 200000 2 14 8 100000 1 1 4 0 2 140 7545 1 
 0 5217 0 1 1 1 0 0 0 0 0 2 0 1 0 
 1 3157 4000 1 2 4 425000 0 0 0 1 2 460 1 0 
 1 2758 204000 1 6 4 200000 1 1 3 1 2 370 561 1 
 0 1692 50000 2 3 4 16500 0 1 6 1 2 240 36 0 
 1 3450 404000 1 3 5 850000 1 1 7 1 2 195 1 1 
 1 3908 600000 2 7 4 129000 1 1 5 1 2 108 1098 1 
 1 2625 154000 2 9 4 12500 0 0 0 0 2 100 1 0 
 1 2783 100000 1 2 8 300000 0 0 0 0 2 176 538 0 
 1 2925 1300000 2 2 8 50000 0 0 0 0 2 228 1 0 
 1 1808 675000 1 7 4 4000 0 0 0 0 2 140 1 0 
 1 4283 125000 2 7 4 1387500 0 1 1 1 2 352 113 0 
 0 1633 21000 2 6 4 12500 0 0 0 0 2 200 2 0 
 1 2100 300000 1 2 4 108500 1 1 8 1 2 160 2 1 
 1 1800 16500 2 11 7 21000 0 0 0 0 2 200 41 1 
 1 2533 58000 2 8 4 29000 1 1 7 1 2 96 5125 1 
 1 4808 604000 2 4 4 4000 0 0 0 0 2 0 2691 1 
 1 6542 1100000 2 10 9 2000000 1 1 7 1 2 22 1 1 
 1 4717 583500 2 9 4 550000 0 0 0 0 2 465 151 0 
